4569
4071
3650
2817
2002
4765
4739
223
2781
1470
1480
4584
2791
820
4367
747
1613
4328
4275
4117
2626
526
1008
3716
292
468
2043
4720
4184
4442
2868
3596
4095
3926
4131
3839
4215
3201
12
1234
451
654
4819
420
1791
4589
4776
2795
1863
1484
271
3858
20
286
4608
65
3912
4560
1940
3783
3833
2824
4817
2216
2412
2700
510
3486
4483
749
4268
3310
409
4685
4902
1550
4361
1554
3725
3820
2356
4637
1754
3494
2843
3680
1259
452
2749
2506
587
918
4075
4121
3049
4907
2243
4180
3433
1288
1919
419
4415
2124
3329
4777
979
3880
3006
4881
3456
34
4515
2408
1884
2494
1585
4546
3785
4658
4511
2287
2822
135
4797
1629
4395
4783
3563
1740
1879
4905
1652
1258
2762
765
3516
4270
5
3595
3527
1348
3856
4059
1205
4607
1677
2179
3931
1773
4902
1624
1469
1163
3442
616
3571
966
3660
4903
777
582
3612
2105
592
533
2001
291
4663
537
3328
1206
1657
3856
690
2530
4293
2544
3226
779
4485
2566
2823
4915
1516
745
2098
4144
927
2702
159
3397
1369
3539
4962
4519
4967
3282
159
2904
1986
3683
3077
1434
3402
3644
2335
2329
3508
1516
2397
1489
964
672
4534
4900
783
3310
3365
2891
3146
2780
4742
1698
176
3551
4936
1405
612
2982
3980
963
988
3792
2278
773
1222
945
105
4289
3384
2276
3608
4939
4198
4099
3467
475
4884
1129
4239
4524
394
422
623
1826
3226
2499
1667
683
1355
2308
422
253
4040
1272
521
4732
282
2652
3243
245
2207
2799
4643
4429
3179
3513
707
1105
4732
3693
3285
2989
1208
21
2475
1528
3115
2246
830
2481
375
3808
2169
1608
4737
2955
4752
1133
4126
1908
2859
855
2438
3723
3688
3240
1859
444
2240
1755
4980
1101
3238
242
3967
4084
3826
102
2268
2850
1545
2915
3604
22
2932
1108
1807
376
2151
2903
3476
765
442
4229
2072
2417
4391
1690
3374
4731
2158
1353
4229
4264
2009
4065
2805
2398
4983
1117
4
4531
4186
2436
1152
3790
1417
1450
2149
2300
2347
2478
3251
149
3987
673
3998
2384
3223
2368
3136
594
2046
2040
3006
4344
4763
3427
3671
3265
1983
574
1071
2977
2861
441
1249
4868
3703
2778
3868
2753
4845
4007
542
3663
2147
1086
2433
1427
1648
2660
2705
3392
3469
1178
2127
1113
637
2734
3703
3509
1748
1450
1226
2355
97
1417
2210
4570
4783
2308
4976
3552
1275
3186
1454
2243
861
3571
3469
2398
3344
2648
40
914
400
3627
4655
4695
1270
671
1078
84
4547
77
83
4010
2353
3182
2680
601
3497
320
2182
1118
4907
760
1169
1713
1914
1330
3370
4341
4941
1628
2043
315
4145
1773
2425
1281
1843
2057
922
624
2448
327
2179
4340
868
4107
2901
1991
3627
1562
4613
2588
3782
4750
3982
4318
1770
2114
1923
127
3145
4910
681
3439
3289
4847
4963
2216
2285
1594
3155
3651
181
3362
3377
1722
1565
3014
3335
2707
1790
458
1501
1569
4973
1207
87
1417
1933
1188
2442
2363
4928
1986
3998
4554
2581
4840
543
142
4296
2821
408
3817
2512
1159
1659
1394
785
441
3333
2687
3413
4194
3096
1217
2203
3034
4748
3648
3831
2376
729
2725
3217
3283
187
4181
2636
550
823
2239
1931
2993
3792
1519
4247
1878
2628
478
762
3734
1261
4768
4188
745
3484
3570
4896
1888
443
4943
2240
29
2287
4547
4064
3269
4243
516
3454
2974
3928
4604
2965
692
4625
1799
4074
914
559
2920
3067
1422
2018
1655
712
420
712
822
4323
4365
1195
4705
1365
4748
2303
2855
477
3368
1378
3720
1694
987
4121
437
2128
4295
4185
2480
2205
1827
3774
916
3450
796
1110
3082
626
155
1358
4080
420
1825
135
2145
676
1854
4433
932
925
2081
953
2735
2039
291
256
246
2835
2184
4503
4553
3585
3775
3110
767
1601
2687
2835
751
4119
603
1260
546
4367
1504
3067
2271
3671
295
2551
2082
2317
541
2258
521
3880
323
3405
1533
3534
4
1413
3579
3745
2326
464
4791
4402
2281
4209
3931
1627
261
1934
672
842
1634
920
1773
4786
4231
410
2022
2178
1058
2102
1124
4650
3241
3925
1044
2329
140
4125
2740
1288
2807
331
969
1677
3060
4048
99
3530
4605
4061
1318
129
694
2425
694
4057
1854
522
4120
4475
3284
3254
3846
668
65
3246
1441
3512
4456
2432
2723
117
2052
813
3513
4346
963
3386
4989
3392
255
2105
2370
4882
62
883
178
389
3071
4458
3076
2414
1069
4177
3764
4376
3626
1099
3690
3988
3079
4913
873
3648
2996
1255
4038
4677
2684
2262
1896
2889
4125
2147
1481
4082
2347
4983
2032
3596
2521
3129
1722
883
4513
776
1288
2811
4925
146
4558
725
1246
3238
930
2259
436
951
528
4904
4694
358
723
1896
1042
1787
4281
4730
4681
4028
2676
1093
506
851
3691
1516
1612
2198
4983
433
2841
1860
863
2053
1104
3200
4002
599
297
3584
1762
2592
1019
2195
1205
3922
448
1522
2284
3683
3662
213
727
3120
3586
3615
2752
1361
3707
4513
2165
2008
4681
3023
3460
4850
975
1307
2032
3820
826
22
1371
1354
743
1251
1319
1100
1751
3956
1280
4943
2420
92
4935
2499
4855
1860
1940
4464
1688
4755
1472
2985
4546
4870
967
1242
1528
2171
4971
180
2181
1668
263
2947
3339
940
3275
295
1618
2456
770
973
2429
1107
1448
307
4950
3360
615
3729
3798
2487
3986
2237
4490
450
581
2626
128
591
159
4414
1049
1296
3224
3859
2394
4853
139
1761
4692
2018
4415
2803
4561
2823
961
3346
4865
4511
2974
1750
3596
3878
4246
799
2736
3921
1489
532
268
3942
717
4594
3439
2329
1110
157
3688
4273
1602
187
1923
